0,533
57,4
57,3
57,2
57,1
57,0
56,3
56,2
56,1
56,0
55,3
55,2
55,1
55,0
54,3
54,2
54,1
54,0
53,4
53,3
53,2
53,1
53,0
0,532
0,531
0,530
0,529
0,528
52,4
52,3
52,2
52,1
52,0
51,3
51,2
51,1
51,0
50,3
50,2
50,1
50,0
49,3
49,2
49,1
49,0
48,4
48,3
48,2
48,1
48,0
0,527
24,2
0,278
0,9
24,1
24,3
0,526
3,2
3,1
3,3
10,312
10,170
10,262
10,158
10,202
10,160
10,172
10,1
10,22
10,2
10,3
11,4
11,16
11,18
11,28
11,8
11,26
11,1
11,24
11,2
11,3
9,7
9,6
9,1
9,4
9,2
9,3
8,9
8,7
8,5
8,18
8,11
8,1
8,8
8,2
8,3
12,2
12,1
12,3
20,2
20,1
20,3
19,2
19,1
19,3
18,1
18,3
14,1
14,3
13,1
13,3
46,4
46,3
46,2
46,1
46,0
